# name: debug
# type: sparse matrix
# nnz: 144
# rows: 12
# columns: 12

1 1 330471285
2 1 -789489759
3 1 214.668254
4 1 -285.605885
5 1 -129.579386
6 1 1410900.75
7 1 1870.79929
8 1 10934.3735
9 1 -500.656779
10 1 0.382181478
11 1 -1.52435994
12 1 -17.7436593
1 2 -789489759
2 2 1.8694651e+09
3 2 -34.8176541
4 2 651.915315
5 2 286.292292
6 2 -3359242.23
7 2 -174.194146
8 2 -2351.36628
9 2 106.411786
10 2 -0.142738474
11 2 0.338070843
12 2 3.9440917
1 3 214.668254
2 3 -34.8176541
3 3 22908.2689
4 3 -12.318747
5 3 10.6531086
6 3 -0.813286215
7 3 52.76708
8 3 309.551935
9 3 4.28140412
10 3 0.0241527015
11 3 0.00587085465
12 3 -0.698684564
1 4 -285.605885
2 4 651.915315
3 4 -12.318747
4 4 0.0612283643
5 4 -0.0244169194
6 4 -1.20135915
7 4 0.126354761
8 4 0.81500279
9 4 0.0118732721
10 4 0.000222055666
11 4 1.44301496e-05
12 4 -0.00468008874
1 5 -129.579386
2 5 286.292292
3 5 10.6531086
4 5 -0.0244169194
5 5 0.0617174655
6 5 -0.536983233
7 5 -0.0957567719
8 5 0.0550680586
9 5 0.027739973
10 5 0.000357079174
11 5 0.000373591937
12 5 0.00240393329
1 6 1410900.75
2 6 -3359242.23
3 6 -0.813286215
4 6 -1.20135915
5 6 -0.536983233
6 6 6018.31353
7 6 -4.46706706
8 6 -18.6070432
9 6 1.61742094
10 6 0.00156275472
11 6 0.0100338472
12 6 0.137724679
1 7 1870.79929
2 7 -174.194146
3 7 52.76708
4 7 0.126354761
5 7 -0.0957567719
6 7 -4.46706706
7 7 7167.32555
8 7 -3402.05069
9 7 -97.6364072
10 7 -0.449836906
11 7 -0.220946288
12 7 -0.7302724
1 8 10934.3735
2 8 -2351.36628
3 8 309.551935
4 8 0.81500279
5 8 0.0550680586
6 8 -18.6070432
7 8 -3402.05069
8 8 29972.7181
9 8 -462.467355
10 8 1.0718262
11 8 -1.02350907
12 8 -59.7661613
1 9 -500.656779
2 9 106.411786
3 9 4.28140412
4 9 0.0118732721
5 9 0.027739973
6 9 1.61742094
7 9 -97.6364072
8 9 -462.467355
9 9 2259.17343
10 9 -0.680501066
11 9 5.30385327
12 9 1.473346
1 10 0.382181478
2 10 -0.142738474
3 10 0.0241527015
4 10 0.000222055666
5 10 0.000357079174
6 10 0.00156275472
7 10 -0.449836906
8 10 1.0718262
9 10 -0.680501066
10 10 0.0266471659
11 10 7.38367237e-05
12 10 0.00211934721
1 11 -1.52435994
2 11 0.338070843
3 11 0.00587085465
4 11 1.44301496e-05
5 11 0.000373591937
6 11 0.0100338472
7 11 -0.220946288
8 11 -1.02350907
9 11 5.30385327
10 11 7.38367237e-05
11 11 0.0327533747
12 11 0.006290058
1 12 -17.7436593
2 12 3.9440917
3 12 -0.698684564
4 12 -0.00468008874
5 12 0.00240393329
6 12 0.137724679
7 12 -0.7302724
8 12 -59.7661613
9 12 1.473346
10 12 0.00211934721
11 12 0.006290058
12 12 0.491842562
